x z
-7.290 27.063
-7.166 26.738
-7.059 26.419
-6.972 26.107
-6.903 25.807
-6.854 25.519
-6.825 25.248
-6.816 24.996
-6.826 24.765
-6.855 24.557
-6.904 24.375
-6.971 24.222
-7.056 24.098
-7.158 24.007
-7.276 23.950
-7.409 23.928
-7.557 23.945
-7.718 24.000
-7.889 24.096
-8.071 24.231
-8.260 24.408
-8.455 24.624
-8.652 24.879
-8.850 25.171
-9.045 25.495
-9.234 25.849
-9.414 26.228
-9.582 26.624
-9.734 27.032
-9.866 27.443
-9.976 27.849
-10.061 28.241
-10.118 28.612
-10.147 28.952
-10.145 29.255
-10.113 29.513
-10.050 29.723
-9.958 29.878
-9.839 29.979
-9.695 30.024
-9.530 30.013
-9.346 29.949
-9.148 29.836
-8.940 29.677
-8.725 29.477
-8.507 29.240
-8.291 28.974
-8.079 28.682
-7.876 28.370
-7.683 28.044
-7.503 27.707
-7.338 27.364
-7.190 27.019
-7.060 26.676
-6.950 26.339
-6.859 26.011
-6.788 25.694
-6.739 25.392
-6.710 25.107
-6.702 24.841
-6.714 24.598
-6.747 24.380
-6.799 24.189
-6.871 24.027
-6.961 23.896
-7.070 23.800
-7.195 23.739
-7.337 23.716
-7.493 23.732
-7.663 23.790
-7.846 23.890
-8.038 24.033
-8.239 24.220
-8.446 24.449
-8.657 24.720
-8.867 25.030
-9.076 25.377
-9.278 25.755
-9.471 26.160
-9.650 26.585
-9.813 27.022
-9.955 27.464
-10.074 27.901
-10.165 28.323
-10.227 28.721
-10.257 29.087
-10.255 29.411
-10.220 29.688
-10.152 29.911
-10.053 30.076
-9.924 30.181
-9.769 30.225
-9.590 30.210
-9.392 30.138
-9.179 30.012
-8.955 29.838
-8.725 29.621
-8.492 29.366
-8.261 29.079
-8.035 28.767
-7.819 28.434
-7.614 28.085
-7.423 27.727
-7.248 27.363
-7.092 26.998
-6.955 26.635
-6.838 26.278
-6.743 25.931
-6.669 25.597
-6.616 25.277
-6.586 24.976
-6.578 24.695
-6.590 24.437
-6.625 24.205
-6.680 24.001
-6.755 23.828
-6.849 23.687
-6.963 23.582
-7.095 23.513
-7.244 23.485
-7.408 23.498
-7.588 23.554
-7.780 23.655
-7.984 23.801
-8.196 23.994
-8.416 24.233
-8.640 24.517
-8.865 24.844
-9.088 25.210
-9.305 25.612
-9.513 26.043
-9.707 26.498
-9.884 26.967
-10.039 27.442
-10.169 27.913
-10.270 28.370
-10.339 28.802
-10.375 29.199
-10.376 29.552
-10.341 29.853
-10.270 30.097
-10.166 30.277
-10.029 30.392
-9.864 30.442
-9.673 30.427
-9.461 30.351
-9.233 30.217
-8.993 30.031
-8.746 29.798
-8.496 29.526
-8.249 29.220
-8.007 28.887
-7.775 28.532
-7.556 28.162
-7.352 27.781
-7.165 27.395
-6.998 27.007
-6.852 26.623
-6.727 26.245
-6.624 25.877
-6.544 25.522
-6.487 25.183
-6.453 24.862
-6.442 24.563
-6.453 24.287
-6.487 24.038
-6.543 23.818
-6.619 23.628
-6.716 23.473
-6.834 23.354
-6.970 23.273
-7.125 23.234
-7.296 23.238
-7.483 23.287
-7.685 23.384
-7.899 23.529
-8.124 23.723
-8.357 23.966
-8.595 24.259
-8.835 24.598
-9.074 24.981
-9.308 25.404
-9.533 25.861
-9.745 26.345
-9.939 26.848
-10.111 27.360
-10.257 27.870
-10.372 28.367
-10.455 28.839
-10.501 29.275
-10.509 29.665
-10.478 30.001
-10.409 30.273
-10.302 30.478
-10.161 30.613
-9.987 30.675
-9.785 30.668
-9.561 30.593
-9.317 30.456
-9.061 30.262
-8.796 30.018
-8.528 29.731
-8.262 29.407
-8.003 29.054
-7.753 28.678
-7.516 28.285
-7.296 27.881
-7.095 27.472
-6.913 27.061
-6.754 26.652
-6.618 26.251
-6.505 25.859
-6.416 25.481
-6.351 25.119
-6.311 24.776
-6.294 24.454
-6.301 24.156
-6.332 23.886
-6.385 23.644
-6.461 23.434
-6.558 23.259
-6.676 23.120
-6.815 23.021
-6.973 22.965
-7.150 22.953
-7.343 22.988
-7.553 23.073
-7.776 23.209
-8.012 23.397
-8.257 23.638
-8.510 23.932
-8.766 24.278
-9.023 24.672
-9.276 25.112
-9.521 25.592
-9.754 26.104
-9.970 26.641
-10.164 27.191
-10.331 27.744
-10.467 28.287
-10.568 28.808
-10.631 29.294
-10.653 29.732
-10.633 30.113
-10.570 30.428
-10.467 30.671
-10.325 30.836
-10.147 30.924
-9.937 30.934
-9.701 30.870
-9.444 30.738
-9.170 30.543
-8.887 30.292
-8.599 29.993
-8.313 29.654
-8.032 29.283
-7.761 28.887
-7.504 28.472
-7.264 28.044
-7.043 27.610
-6.844 27.173
-6.668 26.739
-6.516 26.311
-6.389 25.893
-6.287 25.488
-6.211 25.100
-6.160 24.730
-6.134 24.381
-6.133 24.057
-6.157 23.759
-6.204 23.491
-6.275 23.254
-6.369 23.052
-6.486 22.887
-6.624 22.763
-6.782 22.681
-6.961 22.645
-7.158 22.658
-7.373 22.721
-7.604 22.838
-7.849 23.010
-8.106 23.239
-8.372 23.525
-8.644 23.867
-8.920 24.264
-9.193 24.713
-9.462 25.209
-9.719 25.745
-9.962 26.313
-10.183 26.903
-10.378 27.502
-10.542 28.097
-10.670 28.675
-10.758 29.222
-10.803 29.722
-10.803 30.165
-10.756 30.539
-10.664 30.836
-10.529 31.050
-10.352 31.179
-10.139 31.222
-9.895 31.184
-9.626 31.068
-9.337 30.882
-9.035 30.633
-8.726 30.330
-8.416 29.981
-8.111 29.595
-7.815 29.179
-7.533 28.742
-7.268 28.291
-7.023 27.830
-6.801 27.366
-6.602 26.904
-6.430 26.447
-6.283 25.999
-6.163 25.564
-6.070 25.144
-6.003 24.743
-5.963 24.363
-5.949 24.006
-5.961 23.676
-5.999 23.374
-6.061 23.104
-6.147 22.868
-6.257 22.669
-6.390 22.509
-6.545 22.393
-6.721 22.323
-6.919 22.301
-7.135 22.332
-7.370 22.417
-7.621 22.560
-7.887 22.762
-8.165 23.026
-8.452 23.351
-8.745 23.737
-9.041 24.182
-9.334 24.683
-9.619 25.233
-9.893 25.825
-10.148 26.450
-10.378 27.095
-10.579 27.746
-10.744 28.389
-10.869 29.007
-10.949 29.586
-10.980 30.109
-10.962 30.563
-10.893 30.938
-10.775 31.225
-10.611 31.419
-10.403 31.520
-10.158 31.528
-9.881 31.448
-9.580 31.287
-9.260 31.054
-8.929 30.757
-8.595 30.406
-8.262 30.011
-7.936 29.581
-7.624 29.125
-7.328 28.650
-7.053 28.163
-6.800 27.670
-6.573 27.177
-6.372 26.687
-6.199 26.206
-6.054 25.736
-5.937 25.281
-5.848 24.843
-5.787 24.425
-5.754 24.030
-5.749 23.661
-5.769 23.319
-5.816 23.007
-5.889 22.729
-5.986 22.486
-6.108 22.282
-6.254 22.120
-6.423 22.003
-6.614 21.934
-6.827 21.918
-7.060 21.956
-7.312 22.053
-7.582 22.211
-7.868 22.434
-8.167 22.722
-8.475 23.077
-8.791 23.499
-9.108 23.985
-9.423 24.531
-9.731 25.132
-10.025 25.779
-10.299 26.461
-10.546 27.165
-10.760 27.875
-10.935 28.575
-11.065 29.246
-11.145 29.870
-11.172 30.431
-11.145 30.913
-11.061 31.306
-10.924 31.600
-10.737 31.790
-10.503 31.878
-10.229 31.864
-9.922 31.755
-9.590 31.561
-9.240 31.289
-8.879 30.952
-8.516 30.560
-8.158 30.124
-7.809 29.653
-7.475 29.158
-7.161 28.646
-6.870 28.124
-6.605 27.598
-6.367 27.073
-6.157 26.554
-5.978 26.045
-5.828 25.549
-5.709 25.069
-5.619 24.608
-5.558 24.168
-5.526 23.752
-5.522 23.362
-5.546 23.001
-5.597 22.671
-5.674 22.374
-5.777 22.115
-5.906 21.895
-6.059 21.718
-6.236 21.588
-6.437 21.507
-6.661 21.481
-6.907 21.512
-7.174 21.605
-7.460 21.762
-7.763 21.988
-8.081 22.285
-8.411 22.654
-8.749 23.096
-9.091 23.609
-9.433 24.190
-9.768 24.834
-10.090 25.531
-10.391 26.270
-10.666 27.037
-10.906 27.815
-11.104 28.585
-11.253 29.326
-11.349 30.019
-11.387 30.643
-11.364 31.182
-11.280 31.621
-11.136 31.951
-10.936 32.167
-10.684 32.267
-10.388 32.255
-10.055 32.139
-9.694 31.927
-9.313 31.632
-8.921 31.266
-8.526 30.841
-8.136 30.369
-7.757 29.862
-7.395 29.330
-7.055 28.780
-6.740 28.222
-6.453 27.660
-6.195 27.101
-5.969 26.548
-5.774 26.006
-5.611 25.478
-5.480 24.967
-5.380 24.476
-5.311 24.005
-5.272 23.559
-5.262 23.140
-5.281 22.749
-5.327 22.389
-5.402 22.062
-5.503 21.772
-5.630 21.522
-5.783 21.315
-5.962 21.154
-6.165 21.043
-6.393 20.987
-6.645 20.989
-6.919 21.055
-7.215 21.187
-7.531 21.391
-7.865 21.670
-8.214 22.027
-8.574 22.464
-8.943 22.980
-9.314 23.575
-9.682 24.242
-10.041 24.976
-10.382 25.764
-10.698 26.594
-10.981 27.446
-11.222 28.302
-11.413 29.137
-11.548 29.930
-11.620 30.655
-11.626 31.294
-11.564 31.827
-11.435 32.241
-11.240 32.528
-10.987 32.686
-10.680 32.716
-10.330 32.627
-9.944 32.429
-9.534 32.135
-9.108 31.758
-8.676 31.315
-8.248 30.817
-7.830 30.279
-7.429 29.712
-7.051 29.125
-6.699 28.528
-6.377 27.927
-6.087 27.328
-5.830 26.735
-5.607 26.154
-5.418 25.586
-5.263 25.035
-5.140 24.503
-5.051 23.993
-4.992 23.506
-4.965 23.045
-4.968 22.611
-4.999 22.208
-5.059 21.837
-5.147 21.500
-5.263 21.202
-5.405 20.945
-5.574 20.732
-5.769 20.568
-5.990 20.456
-6.236 20.401
-6.508 20.409
-6.804 20.483
-7.123 20.629
-7.464 20.852
-7.824 21.157
-8.202 21.547
-8.593 22.025
-8.993 22.591
-9.397 23.244
-9.798 23.979
-10.190 24.789
-10.563 25.662
-10.909 26.581
-11.218 27.527
-11.480 28.476
-11.687 29.401
-11.831 30.276
-11.904 31.073
-11.903 31.768
-11.826 32.341
-11.673 32.778
-11.448 33.069
-11.158 33.215
-10.810 33.218
-10.415 33.090
-9.983 32.844
-9.526 32.495
-9.055 32.060
-8.581 31.557
-8.113 31.001
-7.658 30.407
-7.225 29.786
-6.819 29.149
-6.442 28.504
-6.100 27.859
-5.792 27.219
-5.521 26.588
-5.287 25.971
-5.089 25.369
-4.926 24.786
-4.799 24.223
-4.705 23.683
-4.644 23.167
-4.614 22.677
-4.615 22.214
-4.646 21.782
-4.706 21.381
-4.794 21.015
-4.910 20.686
-5.053 20.398
-5.224 20.154
-5.422 19.957
-5.647 19.813
-5.898 19.725
-6.177 19.700
-6.482 19.743
-6.813 19.859
-7.168 20.056
-7.547 20.338
-7.947 20.711
-8.364 21.179
-8.795 21.746
-9.235 22.412
-9.678 23.175
-10.116 24.028
-10.539 24.963
-10.939 25.962
-11.305 27.007
-11.625 28.071
-11.888 29.125
-12.085 30.138
-12.205 31.077
-12.244 31.912
-12.197 32.616
-12.064 33.169
-11.847 33.559
-11.552 33.780
-11.188 33.838
-10.767 33.740
-10.299 33.504
-9.800 33.148
-9.281 32.692
-8.755 32.157
-8.234 31.560
-7.726 30.919
-7.240 30.249
-6.783 29.561
-6.359 28.865
-5.971 28.169
-5.622 27.479
-5.312 26.800
-5.042 26.134
-4.811 25.486
-4.619 24.856
-4.464 24.247
-4.345 23.661
-4.260 23.098
-4.207 22.560
-4.187 22.049
-4.197 21.566
-4.237 21.113
-4.305 20.692
-4.402 20.306
-4.526 19.956
-4.679 19.647
-4.858 19.381
-5.066 19.163
-5.302 18.996
-5.565 18.888
-5.857 18.842
-6.178 18.866
-6.526 18.966
-6.902 19.150
-7.305 19.424
-7.732 19.797
-8.182 20.273
-8.650 20.859
-9.132 21.558
-9.621 22.369
-10.109 23.288
-10.587 24.307
-11.044 25.411
-11.468 26.578
-11.846 27.780
-12.164 28.985
-12.410 30.154
-12.572 31.249
-12.643 32.232
-12.615 33.069
-12.488 33.733
-12.264 34.208
-11.948 34.487
-11.551 34.574
-11.086 34.480
-10.566 34.226
-10.008 33.833
-9.427 33.327
-8.837 32.733
-8.253 32.073
-7.684 31.366
-7.140 30.630
-6.628 29.878
-6.154 29.121
-5.721 28.367
-5.331 27.622
-4.985 26.890
-4.682 26.175
-4.422 25.478
-4.204 24.803
-4.024 24.148
-3.883 23.517
-3.777 22.910
-3.705 22.327
-3.665 21.769
-3.656 21.239
-3.677 20.736
-3.726 20.262
-3.803 19.820
-3.908 19.411
-4.039 19.037
-4.198 18.702
-4.384 18.409
-4.598 18.162
-4.841 17.966
-5.112 17.825
-5.414 17.747
-5.745 17.738
-6.108 17.806
-6.501 17.958
-6.925 18.205
-7.379 18.555
-7.860 19.018
-8.367 19.601
-8.894 20.311
-9.436 21.153
-9.985 22.126
-10.531 23.224
-11.063 24.436
-11.567 25.741
-12.028 27.111
-12.430 28.509
-12.756 29.891
-12.992 31.208
-13.125 32.413
-13.146 33.459
-13.050 34.310
-12.837 34.940
-12.514 35.336
-12.090 35.499
-11.581 35.444
-11.003 35.192
-10.375 34.773
-9.716 34.219
-9.045 33.561
-8.376 32.827
-7.724 32.042
-7.101 31.227
-6.514 30.397
-5.970 29.565
-5.472 28.740
-5.023 27.928
-4.623 27.133
-4.272 26.358
-3.968 25.605
-3.709 24.875
-3.493 24.167
-3.317 23.484
-3.178 22.824
-3.074 22.189
-3.003 21.578
-2.963 20.991
-2.952 20.430
-2.969 19.895
-3.012 19.387
-3.080 18.906
-3.174 18.455
-3.293 18.035
-3.437 17.648
-3.607 17.298
-3.803 16.986
-4.026 16.718
-4.277 16.498
-4.558 16.331
-4.870 16.224
-5.214 16.184
-5.592 16.220
-6.005 16.342
-6.453 16.560
-6.936 16.886
-7.454 17.333
-8.005 17.912
-8.586 18.635
-9.192 19.512
-9.815 20.547
-10.446 21.743
-11.073 23.090
-11.680 24.573
-12.250 26.162
-12.762 27.818
-13.197 29.490
-13.533 31.115
-13.752 32.631
-13.840 33.973
-13.787 35.088
-13.590 35.934
-13.254 36.489
-12.791 36.752
-12.218 36.737
-11.555 36.475
-10.827 36.005
-10.058 35.369
-9.271 34.610
-8.486 33.765
-7.720 32.867
-6.989 31.941
-6.301 31.006
-5.664 30.077
-5.082 29.163
-4.557 28.270
-4.090 27.401
-3.678 26.558
-3.319 25.743
-3.010 24.954
-2.747 24.191
-2.528 23.454
-2.347 22.742
-2.203 22.055
-2.091 21.391
-2.009 20.750
-1.953 20.132
-1.923 19.537
-1.916 18.963
-1.931 18.413
-1.966 17.884
-2.021 17.379
-2.095 16.896
-2.189 16.438
-2.303 16.005
-2.436 15.599
-2.591 15.220
-2.768 14.872
-2.968 14.558
-3.194 14.280
-3.446 14.042
-3.728 13.852
-4.041 13.713
-4.388 13.635
-4.771 13.626
-5.193 13.697
-5.656 13.860
-6.162 14.130
-6.712 14.524
-7.308 15.057
-7.947 15.750
-8.628 16.621
-9.345 17.686
-10.090 18.958
-10.852 20.442
-11.615 22.134
-12.359 24.014
-13.061 26.044
-13.691 28.170
-14.221 30.315
-14.621 32.388
-14.866 34.295
-14.934 35.941
-14.814 37.250
-14.504 38.173
-14.015 38.690
-13.367 38.815
-12.586 38.587
-11.706 38.064
-10.761 37.312
-9.783 36.395
-8.802 35.372
-7.843 34.291
-6.926 33.188
-6.064 32.090
-5.267 31.014
-4.540 29.970
-3.884 28.964
-3.299 27.997
-2.782 27.070
-2.329 26.180
-1.934 25.327
-1.592 24.506
-1.298 23.717
-1.046 22.958
-0.831 22.225
-0.648 21.518
-0.492 20.836
-0.360 20.176
-0.247 19.538
-0.150 18.922
-0.068 18.325
0.004 17.748
0.067 17.189
0.123 16.648
0.174 16.125
0.221 15.619
0.266 15.129
0.310 14.654
0.353 14.195
0.397 13.752
0.443 13.323
0.491 12.908
0.543 12.507
0.598 12.120
0.659 11.747
0.726 11.387
0.801 11.041
0.883 10.708
0.974 10.390
1.076 10.085
1.190 9.796
1.318 9.521
1.461 9.264
1.621 9.025
1.801 8.805
2.003 8.608
2.230 8.438
2.485 8.297
2.771 8.191
3.093 8.127
3.453 8.114
3.857 8.161
4.309 8.283
4.814 8.495
5.378 8.816
6.003 9.272
6.695 9.888
7.456 10.698
8.286 11.736
9.184 13.041
10.144 14.646
11.153 16.583
12.193 18.867
13.237 21.490
14.248 24.416
15.183 27.562
15.989 30.805
16.612 33.979
17.001 36.896
17.115 39.371
16.931 41.253
16.445 42.454
15.679 42.959
14.671 42.827
13.476 42.167
12.155 41.115
10.766 39.807
9.362 38.361
7.989 36.870
6.680 35.399
5.456 33.989
4.332 32.660
3.313 31.421
2.401 30.272
1.590 29.207
0.875 28.219
0.247 27.299
-0.304 26.442
-0.787 25.639
-1.212 24.885
-1.588 24.177
-1.923 23.510
-2.226 22.882
-2.504 22.293
-2.764 21.740
-3.011 21.224
-3.251 20.746
-3.489 20.306
-3.729 19.905
-3.975 19.547
-4.231 19.234
-4.499 18.968
-4.783 18.755
-5.086 18.599
-5.408 18.505
-5.753 18.479
-6.121 18.529
-6.513 18.661
-6.931 18.883
-7.372 19.203
-7.837 19.629
-8.321 20.167
-8.823 20.823
-9.335 21.599
-9.852 22.495
-10.365 23.504
-10.862 24.615
-11.333 25.809
-11.763 27.062
-12.139 28.340
-12.446 29.606
-12.671 30.816
-12.803 31.929
-12.833 32.905
-12.758 33.710
-12.577 34.319
-12.294 34.721
-11.919 34.913
-11.463 34.904
-10.942 34.713
-10.371 34.364
-9.769 33.882
-9.150 33.296
-8.530 32.632
-7.923 31.911
-7.337 31.154
-6.784 30.376
-6.267 29.591
-5.793 28.807
-5.363 28.031
-4.979 27.268
-4.641 26.522
-4.347 25.795
-4.097 25.089
-3.888 24.405
-3.719 23.743
-3.587 23.105
-3.490 22.492
-3.427 21.903
-3.394 21.339
-3.392 20.802
-3.419 20.293
-3.473 19.812
-3.554 19.362
-3.662 18.944
-3.796 18.561
-3.957 18.215
-4.145 17.910
-4.361 17.650
-4.605 17.439
-4.878 17.283
-5.182 17.188
-5.517 17.161
-5.883 17.209
-6.282 17.343
-6.714 17.572
-7.177 17.905
-7.671 18.353
-8.194 18.926
-8.740 19.633
-9.306 20.479
-9.884 21.467
-10.463 22.594
-11.032 23.850
-11.578 25.217
-12.083 26.665
-12.531 28.159
-12.903 29.650
-13.183 31.087
-13.356 32.416
-13.409 33.583
-13.337 34.546
-13.139 35.272
-12.819 35.744
-12.387 35.962
-11.860 35.938
-11.256 35.697
-10.594 35.272
-9.897 34.698
-9.183 34.010
-8.471 33.241
-7.775 32.417
-7.109 31.562
-6.481 30.693
-5.899 29.824
-5.366 28.964
-4.885 28.119
-4.456 27.293
-4.078 26.490
-3.750 25.710
-3.468 24.954
-3.232 24.222
-3.036 23.515
-2.879 22.832
-2.758 22.173
-2.669 21.538
-2.611 20.926
-2.582 20.339
-2.580 19.777
-2.603 19.239
-2.650 18.727
-2.722 18.241
-2.816 17.783
-2.934 17.354
-3.076 16.956
-3.242 16.591
-3.433 16.263
-3.650 15.974
-3.895 15.730
-4.169 15.535
-4.473 15.396
-4.810 15.319
-5.181 15.314
-5.588 15.390
-6.032 15.558
-6.515 15.831
-7.035 16.222
-7.594 16.745
-8.189 17.415
-8.815 18.245
-9.468 19.246
-10.139 20.423
-10.816 21.775
-11.486 23.294
-12.129 24.956
-12.725 26.726
-13.252 28.552
-13.685 30.373
-14.002 32.115
-14.184 33.704
-14.214 35.070
-14.087 36.157
-13.801 36.926
-13.367 37.365
-12.800 37.483
-12.123 37.309
-11.362 36.884
-10.544 36.258
-9.695 35.481
-8.841 34.599
-8.002 33.652
-7.195 32.670
-6.432 31.678
-5.724 30.693
-5.074 29.725
-4.486 28.782
-3.960 27.867
-3.494 26.982
-3.086 26.128
-2.731 25.303
-2.427 24.508
-2.169 23.740
-1.952 22.998
-1.772 22.282
-1.626 21.590
-1.510 20.921
-1.421 20.274
-1.355 19.650
-1.311 19.046
-1.287 18.463
-1.281 17.900
-1.291 17.357
-1.316 16.834
-1.357 16.330
-1.412 15.846
-1.481 15.381
-1.566 14.937
-1.665 14.513
-1.780 14.111
-1.912 13.730
-2.062 13.374
-2.231 13.043
-2.422 12.740
-2.635 12.467
-2.874 12.229
-3.141 12.030
-3.439 11.875
-3.769 11.772
-4.137 11.728
-4.544 11.756
-4.995 11.866
-5.492 12.073
-6.038 12.395
-6.636 12.852
-7.286 13.465
-7.989 14.259
-8.742 15.257
-9.540 16.482
-10.374 17.952
-11.231 19.677
-12.092 21.654
-12.933 23.858
-13.724 26.245
-14.429 28.740
-15.013 31.244
-15.438 33.639
-15.672 35.801
-15.691 37.613
-15.484 38.986
-15.053 39.870
-14.415 40.258
-13.600 40.187
-12.644 39.724
-11.590 38.952
-10.480 37.960
-9.353 36.827
-8.241 35.619
-7.171 34.387
-6.162 33.167
-5.226 31.980
-4.370 30.841
-3.598 29.754
-2.907 28.721
-2.295 27.740
-1.757 26.808
-1.285 25.920
-0.874 25.074
-0.515 24.266
-0.203 23.492
0.070 22.750
0.309 22.039
0.521 21.356
0.711 20.699
0.884 20.068
1.043 19.462
1.193 18.881
1.338 18.323
1.481 17.789
1.624 17.280
1.771 16.794
1.924 16.333
2.086 15.898
2.260 15.491
2.447 15.112
2.650 14.763
2.872 14.449
3.115 14.171
3.383 13.935
3.676 13.745
4.000 13.609
4.355 13.532
4.746 13.526
5.175 13.600
5.645 13.767
6.157 14.043
6.714 14.442
7.315 14.984
7.961 15.687
8.648 16.569
9.371 17.648
10.123 18.936
10.891 20.439
11.660 22.152
12.410 24.054
13.115 26.108
13.748 28.256
14.278 30.420
14.677 32.509
14.917 34.425
14.978 36.074
14.848 37.379
14.527 38.291
14.026 38.792
13.365 38.897
12.571 38.648
11.679 38.105
10.723 37.334
9.736 36.401
8.747 35.364
7.782 34.273
6.861 33.162
5.996 32.058
5.197 30.978
4.468 29.932
3.812 28.924
3.228 27.957
2.711 27.030
2.258 26.140
1.863 25.287
1.522 24.468
1.228 23.680
0.976 22.921
0.760 22.190
0.576 21.484
0.419 20.803
0.284 20.144
0.170 19.508
0.070 18.893
-0.016 18.297
-0.091 17.722
-0.159 17.164
-0.220 16.625
-0.276 16.104
-0.330 15.600
-0.382 15.112
-0.434 14.640
-0.487 14.184
-0.542 13.743
-0.599 13.317
-0.661 12.906
-0.728 12.510
-0.800 12.128
-0.880 11.761
-0.968 11.409
-1.065 11.072
-1.174 10.750
-1.294 10.444
-1.429 10.155
-1.580 9.884
-1.749 9.633
-1.937 9.404
-2.149 9.200
-2.386 9.024
-2.652 8.880
-2.950 8.775
-3.284 8.716
-3.657 8.712
-4.075 8.773
-4.542 8.914
-5.062 9.151
-5.639 9.505
-6.278 10.000
-6.983 10.664
-7.754 11.529
-8.591 12.628
-9.491 13.997
-10.445 15.667
-11.441 17.661
-12.456 19.987
-13.462 22.627
-14.422 25.530
-15.290 28.606
-16.016 31.724
-16.550 34.718
-16.845 37.409
-16.867 39.632
-16.600 41.260
-16.049 42.229
-15.238 42.547
-14.209 42.282
-13.015 41.543
-11.715 40.461
-10.364 39.160
-9.009 37.744
-7.692 36.297
-6.440 34.874
-5.275 33.510
-4.208 32.222
-3.242 31.017
-2.378 29.895
-1.612 28.850
-0.936 27.877
-0.342 26.966
0.178 26.113
0.634 25.311
1.035 24.556
1.391 23.842
1.708 23.169
1.995 22.532
2.258 21.931
2.505 21.365
2.740 20.834
2.969 20.339
3.196 19.880
3.426 19.458
3.662 19.076
3.908 18.736
4.168 18.442
4.444 18.197
4.738 18.006
5.053 17.874
5.392 17.807
5.756 17.813
6.146 17.899
6.563 18.073
7.008 18.345
7.480 18.723
7.976 19.217
8.495 19.833
9.031 20.579
9.580 21.456
10.131 22.463
10.676 23.593
11.203 24.831
11.696 26.155
12.142 27.533
12.523 28.927
12.824 30.290
13.031 31.576
13.131 32.734
13.118 33.723
12.988 34.509
12.743 35.068
12.389 35.394
11.940 35.490
11.410 35.375
10.816 35.071
10.179 34.611
9.516 34.024
8.846 33.342
8.182 32.592
7.539 31.798
6.927 30.978
6.353 30.148
5.823 29.319
5.341 28.498
4.907 27.691
4.523 26.903
4.186 26.135
3.896 25.389
3.650 24.666
3.446 23.967
3.282 23.291
3.154 22.639
3.061 22.011
3.000 21.408
2.969 20.830
2.966 20.277
2.991 19.750
3.042 19.251
3.119 18.780
3.220 18.339
3.347 17.929
3.499 17.554
3.677 17.216
3.882 16.919
4.114 16.666
4.375 16.463
4.666 16.315
4.988 16.230
5.343 16.214
5.732 16.278
6.156 16.430
6.615 16.683
7.109 17.047
7.638 17.536
8.199 18.162
8.787 18.934
9.399 19.862
10.025 20.949
10.654 22.194
11.275 23.586
11.870 25.104
12.421 26.716
12.909 28.379
13.311 30.037
13.609 31.628
13.785 33.088
13.826 34.356
13.725 35.382
13.482 36.131
13.103 36.587
12.603 36.755
11.998 36.655
11.313 36.320
10.571 35.792
9.796 35.113
9.009 34.324
8.231 33.460
7.477 32.552
6.760 31.623
6.090 30.691
5.473 29.767
4.911 28.861
4.407 27.977
3.958 27.118
3.565 26.285
3.224 25.479
2.931 24.699
2.684 23.946
2.478 23.218
2.311 22.515
2.178 21.836
2.077 21.181
2.004 20.548
1.958 19.938
1.937 19.351
1.938 18.786
1.960 18.243
2.003 17.724
2.066 17.227
2.148 16.754
2.250 16.305
2.371 15.882
2.514 15.487
2.678 15.120
2.864 14.786
3.075 14.486
3.312 14.224
3.576 14.006
3.871 13.837
4.198 13.723
4.560 13.673
4.959 13.697
5.398 13.806
5.879 14.014
6.403 14.335
6.972 14.786
7.585 15.386
8.242 16.152
8.937 17.103
9.665 18.253
10.417 19.613
11.179 21.184
11.934 22.954
12.660 24.897
13.331 26.968
13.919 29.103
14.394 31.218
14.728 33.222
14.897 35.018
14.884 36.519
14.682 37.661
14.295 38.406
13.736 38.750
13.030 38.718
12.206 38.358
11.297 37.732
10.338 36.905
9.359 35.941
8.389 34.892
7.450 33.801
6.558 32.701
5.726 31.614
4.961 30.553
4.267 29.527
3.644 28.539
3.090 27.590
2.602 26.680
2.176 25.807
1.806 24.969
1.486 24.163
1.212 23.387
0.977 22.639
0.778 21.918
0.608 21.222
0.464 20.549
0.341 19.899
0.238 19.270
0.149 18.662
0.073 18.074
0.007 17.504
-0.050 16.953
-0.101 16.420
-0.147 15.903
-0.190 15.404
-0.230 14.920
-0.269 14.452
-0.308 13.999
-0.348 13.560
-0.389 13.136
-0.432 12.726
-0.478 12.330
-0.528 11.947
-0.582 11.578
-0.642 11.221
-0.709 10.877
-0.782 10.547
-0.864 10.229
-0.955 9.925
-1.057 9.635
-1.171 9.358
-1.299 9.097
-1.443 8.852
-1.604 8.625
-1.786 8.418
-1.989 8.232
-2.218 8.073
-2.476 7.943
-2.765 7.849
-3.090 7.796
-3.456 7.795
-3.865 7.855
-4.324 7.991
-4.838 8.219
-5.411 8.559
-6.047 9.036
-6.752 9.679
-7.527 10.521
-8.373 11.598
-9.288 12.950
-10.266 14.613
-11.294 16.617
-12.351 18.976
-13.410 21.683
-14.433 24.694
-15.372 27.921
-16.175 31.232
-16.784 34.452
-17.150 37.385
-17.230 39.842
-17.003 41.674
-16.469 42.798
-15.652 43.213
-14.596 42.987
-13.357 42.240
-11.997 41.115
-10.578 39.750
-9.152 38.265
-7.764 36.750
-6.445 35.267
-5.217 33.853
-4.092 32.528
-3.076 31.297
-2.167 30.159
-1.361 29.106
-0.651 28.132
-0.028 27.227
0.519 26.384
0.998 25.596
1.420 24.857
1.795 24.165
2.129 23.514
2.433 22.903
2.712 22.331
2.974 21.797
3.225 21.300
3.469 20.843
3.712 20.425
3.958 20.048
4.211 19.715
4.474 19.430
4.750 19.194
5.042 19.014
5.353 18.893
5.683 18.837
6.035 18.852
6.410 18.946
6.809 19.124
7.230 19.395
7.673 19.765
8.137 20.241
8.617 20.828
9.109 21.530
9.607 22.345
10.104 23.271
10.589 24.298
11.053 25.411
11.483 26.588
11.866 27.802
12.188 29.018
12.437 30.198
12.601 31.302
12.672 32.293
12.644 33.135
12.515 33.802
12.287 34.278
11.967 34.555
11.565 34.638
11.094 34.539
10.569 34.277
10.005 33.877
9.418 33.364
8.823 32.762
8.233 32.094
7.660 31.380
7.112 30.638
6.598 29.880
6.121 29.118
5.685 28.359
5.293 27.610
4.946 26.874
4.642 26.156
4.380 25.456
4.161 24.777
3.981 24.120
3.838 23.486
3.732 22.875
3.659 22.290
3.619 21.730
3.609 21.196
3.629 20.690
3.678 20.213
3.754 19.767
3.857 19.354
3.988 18.977
4.145 18.637
4.330 18.340
4.543 18.087
4.784 17.885
5.054 17.738
5.354 17.653
5.684 17.636
6.045 17.695
6.438 17.839
6.862 18.077
7.315 18.418
7.798 18.871
8.305 19.445
8.835 20.147
9.381 20.982
9.935 21.949
10.487 23.046
11.027 24.259
11.541 25.570
12.012 26.951
12.426 28.365
12.765 29.769
13.015 31.112
13.161 32.346
13.194 33.424
13.109 34.307
12.906 34.967
12.590 35.390
12.170 35.577
11.662 35.539
11.083 35.300
10.452 34.890
9.788 34.340
9.109 33.682
8.432 32.945
7.772 32.156
7.139 31.335
6.542 30.499
5.989 29.661
5.482 28.829
5.025 28.010
4.617 27.208
4.258 26.427
3.947 25.668
3.682 24.931
3.459 24.218
3.277 23.529
3.133 22.864
3.024 22.222
2.949 21.605
2.904 21.013
2.888 20.446
2.899 19.904
2.937 19.388
3.001 18.900
3.089 18.441
3.202 18.012
3.341 17.615
3.504 17.254
3.693 16.931
3.910 16.649
4.154 16.413
4.427 16.229
4.731 16.102
5.067 16.041
5.436 16.052
5.840 16.146
6.280 16.334
6.755 16.626
7.267 17.036
7.812 17.576
8.390 18.258
8.994 19.093
9.620 20.088
10.257 21.246
10.895 22.563
11.519 24.025
12.111 25.607
12.652 27.272
13.120 28.971
13.496 30.645
13.758 32.228
13.891 33.655
13.883 34.865
13.729 35.812
13.432 36.467
13.000 36.823
12.450 36.889
11.802 36.692
11.081 36.272
10.310 35.671
9.515 34.932
8.716 34.097
7.933 33.200
7.180 32.269
6.469 31.325
5.809 30.384
5.203 29.457
4.655 28.550
4.165 27.668
3.732 26.812
3.354 25.984
3.026 25.182
2.747 24.408
2.512 23.660
2.317 22.937
2.159 22.239
2.034 21.565
1.940 20.914
1.873 20.285
1.831 19.679
1.813 19.096
1.816 18.534
1.840 17.994
1.883 17.476
1.945 16.980
2.026 16.508
2.126 16.059
2.244 15.635
2.383 15.237
2.542 14.868
2.723 14.528
2.928 14.222
3.158 13.952
3.415 13.723
3.701 13.541
4.020 13.412
4.373 13.343
4.763 13.344
5.192 13.427
5.664 13.604
6.180 13.891
6.741 14.303
7.348 14.860
8.000 15.580
8.695 16.483
9.427 17.587
10.187 18.904
10.964 20.440
11.742 22.188
12.498 24.129
13.209 26.221
13.845 28.406
14.375 30.602
14.769 32.716
15.000 34.645
15.048 36.296
14.902 37.591
14.562 38.482
14.039 38.954
13.356 39.025
12.541 38.740
11.629 38.163
10.655 37.360
9.653 36.401
8.653 35.343
7.679 34.235
6.750 33.112
5.881 32.000
5.079 30.914
4.350 29.865
3.693 28.855
3.109 27.887
2.593 26.960
2.141 26.072
1.747 25.220
1.407 24.402
1.113 23.616
0.861 22.859
0.644 22.130
0.459 21.427
0.300 20.748
0.163 20.092
0.044 19.458
-0.059 18.845
-0.150 18.253
-0.232 17.680
-0.307 17.126
-0.376 16.590
-0.442 16.073
-0.507 15.572
-0.571 15.089
-0.637 14.622
-0.705 14.171
-0.777 13.736
-0.854 13.318
-0.937 12.915
-1.028 12.529
-1.127 12.158
-1.237 11.805
-1.359 11.468
-1.495 11.150
-1.645 10.851
-1.813 10.574
-2.000 10.319
-2.210 10.089
-2.444 9.889
-2.705 9.722
-2.998 9.594
-3.325 9.512
-3.689 9.483
-4.097 9.520
-4.550 9.634
-5.054 9.841
-5.613 10.161
-6.231 10.615
-6.910 11.230
-7.652 12.034
-8.456 13.059
-9.320 14.337
-10.235 15.896
-11.190 17.759
-12.166 19.933
-13.135 22.404
-14.065 25.131
-14.913 28.033
-15.635 30.995
-16.182 33.871
-16.511 36.497
-16.589 38.716
-16.395 40.402
-15.930 41.483
-15.214 41.948
-14.280 41.845
-13.177 41.267
-11.958 40.328
-10.675 39.143
-9.376 37.817
-8.102 36.433
-6.881 35.048
-5.736 33.704
-4.681 32.423
-3.722 31.214
-2.861 30.080
-2.093 29.018
-1.415 28.024
-0.819 27.090
-0.296 26.213
0.162 25.384
0.564 24.601
0.918 23.859
1.232 23.155
1.514 22.486
1.770 21.851
2.007 21.249
2.231 20.680
2.445 20.143
2.656 19.638
2.867 19.167
3.083 18.731
3.306 18.332
3.540 17.972
3.789 17.654
4.054 17.383
4.340 17.161
4.648 16.995
4.980 16.891
5.340 16.856
5.728 16.899
6.146 17.027
6.595 17.252
7.075 17.583
7.586 18.033
8.125 18.611
8.690 19.327
9.274 20.188
9.871 21.197
10.470 22.352
11.061 23.644
11.629 25.055
12.156 26.555
12.624 28.105
13.016 29.657
13.312 31.156
13.497 32.544
13.558 33.764
13.488 34.770
13.285 35.528
12.956 36.018
12.509 36.242
11.963 36.213
11.336 35.958
10.650 35.511
9.927 34.911
9.187 34.195
8.450 33.397
7.731 32.546
7.044 31.666
6.397 30.773
5.797 29.883
5.249 29.004
4.755 28.142
4.314 27.302
3.926 26.485
3.589 25.693
3.299 24.925
3.055 24.183
2.852 23.465
2.689 22.772
2.560 22.103
2.465 21.458
2.400 20.836
2.362 20.238
2.351 19.664
2.365 19.113
2.402 18.587
2.462 18.086
2.544 17.610
2.649 17.162
2.775 16.742
2.925 16.352
3.098 15.996
3.295 15.675
3.519 15.393
3.770 15.155
4.050 14.966
4.362 14.833
4.707 14.762
5.087 14.764
5.504 14.847
5.959 15.025
6.455 15.310
6.991 15.716
7.567 16.260
8.182 16.957
8.831 17.821
9.509 18.865
10.207 20.096
10.913 21.515
11.612 23.112
12.284 24.863
12.908 26.730
13.459 28.658
13.912 30.580
14.240 32.416
14.424 34.084
14.448 35.509
14.303 36.630
13.990 37.409
13.521 37.834
12.913 37.917
12.191 37.693
11.382 37.211
10.517 36.524
9.625 35.688
8.730 34.751
7.855 33.754
7.016 32.730
6.227 31.703
5.495 30.688
4.827 29.696
4.224 28.734
3.685 27.804
3.209 26.907
2.792 26.043
2.431 25.210
2.119 24.407
1.854 23.633
1.630 22.886
1.443 22.165
1.288 21.468
1.162 20.794
1.061 20.143
0.982 19.513
0.924 18.904
0.882 18.314
0.856 17.744
0.844 17.193
0.845 16.660
0.857 16.145
0.880 15.647
0.914 15.167
0.959 14.704
1.014 14.257
1.079 13.828
1.156 13.416
1.244 13.021
1.345 12.643
1.460 12.284
1.589 11.944
1.735 11.625
1.899 11.327
2.083 11.053
2.289 10.806
2.520 10.588
2.778 10.405
3.066 10.261
3.388 10.163
3.748 10.120
4.148 10.140
4.594 10.238
5.088 10.428
5.635 10.728
6.238 11.159
6.900 11.745
7.622 12.514
8.404 13.495
9.242 14.717
10.128 16.208
11.052 17.986
11.995 20.059
12.933 22.414
13.833 25.012
14.658 27.781
15.364 30.615
15.907 33.380
16.245 35.923
16.347 38.097
16.192 39.782
15.778 40.902
15.120 41.440
14.251 41.431
13.214 40.954
12.056 40.113
10.829 39.017
9.579 37.763
8.344 36.434
7.156 35.090
6.036 33.772
5.000 32.505
4.054 31.302
3.202 30.168
2.441 29.101
1.767 28.097
1.174 27.152
0.653 26.260
0.198 25.417
-0.201 24.616
-0.551 23.856
-0.860 23.132
-1.136 22.443
-1.384 21.785
-1.612 21.160
-1.824 20.564
-2.025 19.998
-2.221 19.463
-2.416 18.958
-2.613 18.484
-2.815 18.043
-3.026 17.636
-3.250 17.266
-3.489 16.936
-3.745 16.648
-4.023 16.408
-4.323 16.221
-4.649 16.091
-5.004 16.028
-5.388 16.039
-5.805 16.134
-6.256 16.322
-6.741 16.617
-7.260 17.031
-7.812 17.575
-8.396 18.263
-9.006 19.105
-9.636 20.108
-10.277 21.275
-10.918 22.601
-11.544 24.072
-12.138 25.663
-12.679 27.337
-13.147 29.043
-13.521 30.721
-13.780 32.306
-13.909 33.730
-13.895 34.935
-13.735 35.875
-13.431 36.520
-12.992 36.864
-12.435 36.917
-11.782 36.709
-11.055 36.278
-10.281 35.667
-9.482 34.920
-8.680 34.079
-7.895 33.176
-7.142 32.241
-6.431 31.295
-5.770 30.352
-5.166 29.423
-4.619 28.516
-4.130 27.633
-3.698 26.777
-3.320 25.949
-2.994 25.147
-2.716 24.373
-2.482 23.625
-2.288 22.903
-2.130 22.205
-2.006 21.531
-1.912 20.880
-1.845 20.251
-1.804 19.645
-1.785 19.061
-1.788 18.499
-1.811 17.959
-1.854 17.441
-1.915 16.945
-1.995 16.471
-2.093 16.022
-2.210 15.596
-2.346 15.197
-2.504 14.825
-2.682 14.484
-2.885 14.174
-3.112 13.901
-3.366 13.668
-3.649 13.481
-3.964 13.345
-4.314 13.270
-4.700 13.263
-5.125 13.336
-5.592 13.502
-6.104 13.775
-6.661 14.172
-7.264 14.712
-7.914 15.414
-8.606 16.297
-9.337 17.380
-10.098 18.677
-10.877 20.193
-11.660 21.926
-12.425 23.857
-13.146 25.947
-13.797 28.138
-14.345 30.353
-14.760 32.496
-15.013 34.467
-15.085 36.166
-14.961 37.515
-14.641 38.460
-14.136 38.982
-13.465 39.096
-12.659 38.846
-11.750 38.292
-10.776 37.506
-9.769 36.554
-8.762 35.498
-7.778 34.388
-6.839 33.260
-5.958 32.141
-5.144 31.048
-4.403 29.991
-3.736 28.975
-3.141 28.000
-2.615 27.068
-2.154 26.174
-1.752 25.317
-1.404 24.495
-1.104 23.706
-0.846 22.945
-0.624 22.213
-0.434 21.507
-0.270 20.825
-0.129 20.167
-0.006 19.531
0.101 18.917
0.196 18.323
0.282 17.748
0.361 17.193
0.434 16.656
0.505 16.138
0.574 15.637
0.644 15.153
0.715 14.686
0.790 14.236
0.868 13.802
0.953 13.384
1.045 12.984
1.145 12.600
1.255 12.233
1.376 11.884
1.511 11.553
1.660 11.243
1.827 10.953
2.012 10.687
2.219 10.446
2.450 10.234
2.708 10.056
2.996 9.916
3.318 9.822
3.677 9.780
4.077 9.803
4.522 9.901
5.017 10.090
5.565 10.388
6.170 10.817
6.835 11.402
7.562 12.170
8.350 13.151
9.196 14.377
10.094 15.876
11.031 17.669
11.990 19.765
12.947 22.155
13.868 24.799
14.716 27.627
15.445 30.529
16.009 33.368
16.365 35.986
16.480 38.230
16.331 39.972
15.916 41.132
15.251 41.690
14.367 41.684
13.309 41.196
12.128 40.333
10.875 39.209
9.599 37.927
8.339 36.571
7.127 35.204
5.986 33.867
4.930 32.585
3.968 31.372
3.100 30.230
2.327 29.158
1.642 28.153
1.039 27.208
0.511 26.318
0.048 25.478
-0.358 24.682
-0.714 23.927
-1.030 23.210
-1.312 22.528
-1.567 21.879
-1.801 21.263
-2.020 20.677
-2.230 20.123
-2.434 19.601
-2.638 19.110
-2.844 18.653
-3.057 18.230
-3.280 17.844
-3.516 17.498
-3.768 17.193
-4.038 16.936
-4.330 16.730
-4.646 16.580
-4.989 16.494
-5.359 16.480
-5.760 16.545
-6.193 16.701
-6.658 16.957
-7.156 17.325
-7.686 17.816
-8.245 18.443
-8.830 19.215
-9.435 20.139
-10.052 21.219
-10.671 22.450
-11.278 23.823
-11.858 25.315
-12.393 26.894
-12.862 28.516
-13.247 30.128
-13.528 31.669
-13.689 33.078
-13.718 34.296
-13.609 35.277
-13.362 35.989
-12.983 36.417
-12.487 36.566
-11.892 36.457
-11.219 36.122
-10.492 35.600
-9.733 34.932
-8.964 34.157
-8.204 33.310
-7.468 32.418
-6.769 31.505
-6.114 30.588
-5.511 29.678
-4.963 28.785
-4.470 27.912
-4.033 27.063
-3.650 26.240
-3.317 25.443
-3.033 24.671
-2.793 23.926
-2.595 23.205
-2.434 22.509
-2.308 21.837
-2.214 21.189
-2.149 20.563
-2.110 19.961
-2.096 19.382
-2.106 18.826
-2.138 18.292
-2.191 17.783
-2.264 17.297
-2.358 16.837
-2.473 16.403
-2.609 15.997
-2.768 15.620
-2.949 15.276
-3.154 14.966
-3.385 14.695
-3.644 14.468
-3.933 14.290
-4.254 14.167
-4.608 14.107
-4.999 14.120
-5.429 14.217
-5.899 14.410
-6.411 14.714
-6.967 15.145
-7.564 15.719
-8.203 16.454
-8.880 17.366
-9.587 18.470
-10.317 19.774
-11.057 21.280
-11.790 22.976
-12.496 24.839
-13.149 26.826
-13.725 28.878
-14.194 30.917
-14.529 32.857
-14.708 34.608
-14.714 36.087
-14.540 37.231
-14.187 38.000
-13.668 38.386
-13.004 38.409
-12.223 38.111
-11.356 37.548
-10.434 36.781
-9.490 35.869
-8.549 34.865
-7.633 33.811
-6.761 32.740
-5.944 31.675
-5.190 30.630
-4.505 29.616
-3.888 28.636
-3.338 27.693
-2.854 26.786
-2.430 25.915
-2.062 25.077
-1.745 24.270
-1.473 23.493
-1.242 22.744
-1.047 22.021
-0.882 21.323
-0.745 20.648
-0.631 19.996
-0.538 19.365
-0.461 18.754
-0.399 18.163
-0.349 17.591
-0.310 17.037
-0.280 16.501
-0.258 15.981
-0.242 15.478
-0.232 14.991
-0.227 14.520
-0.226 14.063
-0.230 13.621
-0.237 13.193
-0.248 12.778
-0.262 12.377
-0.279 11.988
-0.300 11.612
-0.325 11.248
-0.354 10.897
-0.386 10.556
-0.424 10.227
-0.466 9.909
-0.514 9.602
-0.568 9.306
-0.629 9.021
-0.698 8.747
-0.775 8.483
-0.862 8.231
-0.960 7.990
-1.071 7.762
-1.196 7.547
-1.337 7.345
-1.497 7.160
-1.676 6.992
-1.879 6.845
-2.108 6.721
-2.366 6.626
-2.658 6.564
-2.987 6.542
-3.358 6.571
-3.776 6.661
-4.246 6.827
-4.774 7.086
-5.364 7.461
-6.024 7.979
-6.756 8.670
-7.565 9.573
-8.452 10.728
-9.414 12.179
-10.444 13.968
-11.530 16.129
-12.650 18.682
-13.771 21.615
-14.852 24.880
-15.840 28.374
-16.674 31.944
-17.293 35.388
-17.640 38.481
-17.671 41.014
-17.365 42.830
-16.729 43.855
-15.793 44.107
-14.610 43.683
-13.246 42.734
-11.771 41.423
-10.250 39.903
-8.738 38.300
-7.280 36.703
-5.906 35.170
-4.637 33.733
-3.483 32.404
-2.445 31.186
-1.522 30.070
-0.707 29.049
0.010 28.112
0.638 27.248
1.189 26.450
1.672 25.710
2.099 25.021
2.478 24.381
2.820 23.786
3.131 23.232
3.420 22.721
3.693 22.251
3.956 21.822
4.214 21.435
4.472 21.093
4.733 20.798
5.002 20.552
5.282 20.358
5.574 20.221
5.881 20.145
6.204 20.134
6.545 20.193
6.903 20.329
7.280 20.546
7.673 20.848
8.081 21.241
8.502 21.727
8.930 22.308
9.362 22.983
9.791 23.748
10.210 24.594
10.610 25.509
10.981 26.478
11.314 27.478
11.598 28.485
11.824 29.469
11.982 30.401
12.066 31.252
12.070 31.994
11.992 32.606
11.834 33.071
11.598 33.380
11.292 33.532
10.925 33.533
10.507 33.393
10.050 33.127
9.567 32.754
9.069 32.292
8.569 31.759
8.075 31.172
7.597 30.547
7.142 29.896
6.715 29.230
6.321 28.558
5.963 27.887
5.641 27.223
5.358 26.569
5.112 25.929
4.905 25.306
4.734 24.702
4.599 24.119
4.499 23.559
4.432 23.023
4.397 22.512
4.393 22.030
4.419 21.576
4.475 21.154
4.558 20.766
4.670 20.414
4.810 20.101
4.977 19.831
5.171 19.608
5.393 19.435
5.643 19.318
5.920 19.262
6.225 19.273
6.557 19.357
6.916 19.521
7.300 19.772
7.707 20.115
8.136 20.557
8.582 21.102
9.041 21.753
9.507 22.510
9.973 23.368
10.430 24.321
10.867 25.354
11.275 26.448
11.640 27.578
11.950 28.714
12.194 29.823
12.362 30.868
12.444 31.815
12.435 32.632
12.333 33.293
12.139 33.781
11.859 34.088
11.500 34.214
11.074 34.169
10.593 33.967
10.073 33.630
9.527 33.179
8.970 32.637
8.413 32.025
7.868 31.363
7.345 30.666
6.849 29.949
6.388 29.222
5.965 28.495
5.582 27.773
5.240 27.062
4.941 26.365
4.682 25.686
4.464 25.025
4.285 24.386
4.143 23.768
4.036 23.174
3.964 22.605
3.924 22.061
3.916 21.544
3.937 21.055
3.987 20.597
4.065 20.171
4.172 19.779
4.305 19.424
4.467 19.109
4.656 18.837
4.873 18.614
5.118 18.443
5.392 18.330
5.695 18.281
6.028 18.303
6.390 18.403
6.782 18.590
7.202 18.871
7.649 19.255
8.121 19.749
8.614 20.360
9.122 21.091
9.640 21.945
10.160 22.919
10.671 24.002
11.161 25.182
11.618 26.434
12.026 27.729
12.372 29.031
12.641 30.297
12.821 31.484
12.900 32.549
12.874 33.454
12.738 34.169
12.497 34.675
12.156 34.966
11.728 35.047
11.225 34.932
10.665 34.645
10.064 34.210
9.440 33.657
8.809 33.014
8.184 32.304
7.578 31.550
7.000 30.769
6.459 29.976
5.958 29.181
5.502 28.392
5.092 27.615
4.728 26.854
4.410 26.111
4.137 25.390
3.906 24.689
3.716 24.012
3.565 23.358
3.450 22.728
3.369 22.122
3.320 21.541
3.302 20.986
3.313 20.458
3.352 19.957
3.418 19.486
3.510 19.045
3.629 18.637
3.774 18.265
3.945 17.931
4.144 17.638
4.371 17.391
4.626 17.196
4.911 17.056
5.226 16.980
5.574 16.974
5.954 17.047
6.366 17.209
6.812 17.469
7.290 17.838
7.799 18.327
8.337 18.945
8.898 19.702
9.477 20.602
10.066 21.648
10.654 22.835
11.229 24.150
11.776 25.572
12.277 27.070
12.714 28.601
13.070 30.117
13.326 31.562
13.469 32.878
13.487 34.015
13.376 34.930
13.135 35.594
12.773 35.995
12.301 36.137
11.736 36.039
11.098 35.728
10.409 35.240
9.690 34.612
8.960 33.879
8.237 33.074
7.537 32.223
6.870 31.348
6.245 30.465
5.668 29.586
5.143 28.720
4.671 27.871
4.251 27.044
3.883 26.240
3.565 25.461
3.293 24.706
3.065 23.976
2.878 23.270
2.729 22.588
2.614 21.931
2.531 21.297
2.478 20.688
2.453 20.102
2.453 19.540
2.479 19.002
2.528 18.490
2.600 18.003
2.694 17.543
2.812 17.112
2.952 16.711
3.116 16.342
3.305 16.009
3.519 15.714
3.761 15.462
4.031 15.258
4.332 15.108
4.665 15.019
5.033 14.999
5.436 15.058
5.878 15.208
6.358 15.460
6.878 15.829
7.437 16.330
8.034 16.977
8.666 17.785
9.327 18.766
10.009 19.929
10.702 21.275
11.391 22.797
12.059 24.475
12.685 26.276
13.245 28.151
13.715 30.036
14.070 31.858
14.288 33.538
14.354 35.000
14.257 36.182
13.996 37.040
13.578 37.555
13.019 37.733
12.342 37.600
11.572 37.201
10.739 36.586
9.871 35.807
8.992 34.915
8.127 33.952
7.292 32.951
6.502 31.939
5.766 30.933
5.091 29.946
4.478 28.984
3.930 28.053
3.444 27.153
3.017 26.286
2.645 25.449
2.325 24.642
2.052 23.864
1.822 23.112
1.629 22.387
1.471 21.686
1.342 21.008
1.240 20.353
1.162 19.720
1.105 19.108
1.067 18.516
1.046 17.944
1.040 17.391
1.049 16.857
1.071 16.342
1.105 15.845
1.152 15.366
1.211 14.905
1.283 14.463
1.368 14.039
1.466 13.635
1.578 13.249
1.706 12.885
1.851 12.541
2.013 12.221
2.196 11.927
2.402 11.660
2.631 11.424
2.888 11.224
3.174 11.065
3.494 10.952
3.849 10.895
4.245 10.903
4.683 10.988
5.169 11.164
5.706 11.448
6.295 11.861
6.941 12.426
7.643 13.166
8.400 14.110
9.210 15.284
10.065 16.711
10.953 18.408
11.857 20.381
12.754 22.616
13.615 25.076
14.403 27.695
15.079 30.374
15.602 32.992
15.934 35.411
16.044 37.495
15.914 39.132
15.541 40.249
14.938 40.825
14.131 40.885
13.161 40.498
12.072 39.753
10.911 38.749
9.721 37.578
8.539 36.318
7.396 35.028
6.314 33.750
5.309 32.511
4.388 31.325
3.555 30.200
2.810 29.135
2.148 28.129
1.565 27.177
1.054 26.276
0.606 25.420
0.216 24.606
-0.126 23.829
-0.426 23.088
-0.691 22.379
-0.928 21.701
-1.142 21.052
-1.339 20.432
-1.524 19.838
-1.700 19.272
-1.873 18.734
-2.045 18.222
-2.220 17.739
-2.401 17.284
-2.591 16.860
-2.793 16.469
-3.010 16.111
-3.245 15.792
-3.499 15.513
-3.777 15.280
-4.080 15.098
-4.411 14.974
-4.773 14.915
-5.168 14.930
-5.598 15.030
-6.065 15.227
-6.571 15.534
-7.116 15.965
-7.700 16.536
-8.320 17.262
-8.972 18.157
-9.651 19.231
-10.346 20.491
-11.045 21.934
-11.733 23.547
-12.390 25.305
-12.993 27.166
-13.518 29.073
-13.939 30.956
-14.234 32.737
-14.382 34.336
-14.370 35.682
-14.191 36.720
-13.849 37.416
-13.355 37.766
-12.730 37.785
-11.997 37.510
-11.185 36.991
-10.323 36.280
-9.439 35.432
-8.557 34.491
-7.697 33.497
-6.877 32.481
-6.107 31.464
-5.395 30.460
-4.746 29.481
-4.162 28.530
-3.641 27.611
-3.181 26.724
-2.779 25.870
-2.431 25.046
-2.133 24.251
-1.879 23.485
-1.666 22.745
-1.489 22.031
-1.343 21.340
-1.226 20.673
-1.134 20.027
-1.063 19.403
-1.013 18.800
-0.979 18.216
-0.962 17.652
-0.959 17.106
-0.969 16.580
-0.991 16.071
-1.026 15.580
-1.072 15.107
-1.129 14.652
-1.198 14.214
-1.280 13.795
-1.374 13.393
-1.482 13.011
-1.604 12.648
-1.743 12.305
-1.899 11.985
-2.074 11.688
-2.270 11.418
-2.490 11.177
-2.736 10.969
-3.011 10.799
-3.318 10.672
-3.660 10.598
-4.041 10.583
-4.465 10.641
-4.935 10.784
-5.455 11.029
-6.028 11.395
-6.657 11.904
-7.344 12.581
-8.088 13.454
-8.889 14.550
-9.739 15.896
-10.629 17.514
-11.544 19.414
-12.464 21.592
-13.359 24.021
-14.196 26.645
-14.935 29.375
-15.534 32.094
-15.951 34.663
-16.152 36.938
-16.112 38.792
-15.822 40.131
-15.288 40.914
-14.535 41.152
-13.599 40.901
-12.525 40.250
-11.360 39.300
-10.151 38.150
-8.939 36.887
-7.758 35.579
-6.633 34.273
-5.582 33.003
-4.616 31.786
-3.739 30.630
-2.952 29.539
-2.252 28.509
-1.634 27.538
-1.091 26.620
-0.615 25.750
-0.200 24.925
0.164 24.139
0.483 23.391
0.766 22.676
1.018 21.994
1.245 21.342
1.455 20.719
1.650 20.125
1.837 19.559
2.019 19.022
2.201 18.513
2.385 18.034
2.575 17.585
2.775 17.168
2.987 16.785
3.213 16.440
3.458 16.134
3.723 15.871
4.011 15.658
4.326 15.499
4.668 15.401
5.041 15.373
5.448 15.423
5.889 15.563
6.366 15.804
6.881 16.160
7.432 16.645
8.019 17.272
8.638 18.055
9.285 19.006
9.952 20.132
10.628 21.434
11.299 22.904
11.949 24.524
12.558 26.261
13.104 28.070
13.563 29.890
13.911 31.652
14.129 33.281
14.201 34.706
14.116 35.866
13.873 36.719
13.479 37.244
12.948 37.446
12.302 37.348
11.563 36.988
10.761 36.414
9.922 35.677
9.071 34.823
8.229 33.894
7.415 32.922
6.642 31.934
5.920 30.948
5.257 29.977
4.654 29.029
4.113 28.108
3.632 27.216
3.210 26.355
2.843 25.523
2.527 24.721
2.257 23.947
2.031 23.199
1.842 22.476
1.689 21.779
1.566 21.104
1.470 20.453
1.400 19.823
1.352 19.214
1.324 18.626
1.314 18.059
1.322 17.512
1.345 16.984
1.384 16.477
1.438 15.989
1.506 15.521
1.590 15.073
1.688 14.646
1.803 14.240
1.935 13.857
2.084 13.498
2.254 13.165
2.444 12.859
2.658 12.585
2.897 12.345
3.163 12.144
3.461 11.988
3.792 11.884
4.159 11.840
4.566 11.866
5.016 11.976
5.512 12.183
6.057 12.505
6.653 12.961
7.302 13.574
8.002 14.365
8.752 15.360
9.546 16.581
10.376 18.045
11.228 19.761
12.083 21.726
12.917 23.916
13.701 26.284
14.400 28.758
14.978 31.240
15.397 33.613
15.628 35.754
15.646 37.549
15.439 38.909
15.011 39.786
14.378 40.172
13.570 40.105
12.622 39.649
11.577 38.886
10.476 37.904
9.357 36.781
8.253 35.582
7.190 34.358
6.187 33.144
5.257 31.963
4.406 30.828
3.638 29.744
2.951 28.712
2.342 27.732
1.806 26.800
1.337 25.913
0.927 25.066
0.571 24.257
0.261 23.483
-0.010 22.740
-0.247 22.027
-0.457 21.343
-0.644 20.684
-0.814 20.051
-0.970 19.443
-1.117 18.859
-1.258 18.298
-1.397 17.761
-1.536 17.247
-1.677 16.757
-1.825 16.290
-1.981 15.849
-2.147 15.434
-2.326 15.047
-2.521 14.689
-2.734 14.363
-2.967 14.072
-3.223 13.820
-3.505 13.611
-3.815 13.453
-4.157 13.351
-4.533 13.314
-4.946 13.353
-5.400 13.479
-5.896 13.707
-6.436 14.053
-7.022 14.533
-7.654 15.168
-8.329 15.976
-9.045 16.976
-9.793 18.184
-10.566 19.610
-11.347 21.254
-12.119 23.103
-12.858 25.129
-13.538 27.280
-14.127 29.486
-14.596 31.660
-14.914 33.701
-15.059 35.510
-15.012 36.998
-14.770 38.101
-14.338 38.788
-13.731 39.059
-12.978 38.947
-12.109 38.509
-11.160 37.810
-10.166 36.920
-9.159 35.903
-8.167 34.813
-7.212 33.692
-6.309 32.570
-5.471 31.468
-4.703 30.398
-4.008 29.367
-3.387 28.377
-2.836 27.429
-2.351 26.521
-1.928 25.650
-1.560 24.815
-1.243 24.013
-0.969 23.242
-0.735 22.499
-0.534 21.782
-0.361 21.091
-0.213 20.424
-0.085 19.779
0.027 19.156
0.125 18.553
0.212 17.971
0.291 17.407
0.364 16.863
0.434 16.336
0.500 15.828
0.566 15.336
0.633 14.861
0.702 14.403
0.775 13.961
0.852 13.535
0.935 13.126
1.025 12.732
1.124 12.356
1.233 11.996
1.354 11.653
1.488 11.328
1.636 11.023
1.802 10.739
1.987 10.478
2.193 10.242
2.423 10.034
2.681 9.860
2.969 9.724
3.291 9.632
3.650 9.594
4.050 9.618
4.496 9.719
4.992 9.910
5.542 10.211
6.149 10.642
6.817 11.230
7.548 12.002
8.340 12.990
9.192 14.224
10.097 15.734
11.042 17.542
12.011 19.659
12.977 22.074
13.909 24.749
14.766 27.611
15.504 30.551
16.076 33.428
16.437 36.080
16.552 38.351
16.400 40.111
15.978 41.278
15.302 41.833
14.405 41.815
13.333 41.310
12.136 40.428
10.869 39.284
9.578 37.984
8.305 36.612
7.082 35.232
5.931 33.886
4.867 32.598
3.898 31.380
3.025 30.237
2.247 29.165
1.558 28.160
0.952 27.217
0.421 26.330
-0.045 25.493
-0.453 24.701
-0.812 23.950
-1.130 23.238
-1.414 22.561
-1.672 21.918
-1.910 21.308
-2.133 20.729
-2.346 20.183
-2.555 19.668
-2.763 19.187
-2.974 18.740
-3.193 18.328
-3.422 17.955
-3.665 17.622
-3.924 17.334
-4.202 17.094
-4.502 16.908
-4.826 16.781
-5.177 16.721
-5.556 16.735
-5.965 16.832
-6.406 17.022
-6.878 17.315
-7.381 17.724
-7.915 18.258
-8.476 18.929
-9.059 19.745
-9.659 20.711
-10.266 21.826
-10.869 23.086
-11.455 24.475
-12.006 25.968
-12.506 27.529
-12.934 29.111
-13.272 30.661
-13.503 32.118
-13.612 33.426
-13.589 34.531
-13.432 35.392
-13.142 35.987
-12.729 36.307
-12.209 36.362
-11.598 36.177
-10.921 35.785
-10.197 35.224
-9.451 34.534
-8.701 33.749
-7.964 32.902
-7.255 32.019
-6.585 31.119
-5.961 30.218
-5.388 29.327
-4.870 28.452
-4.405 27.597
-3.995 26.767
-3.636 25.961
-3.327 25.180
-3.064 24.425
-2.845 23.695
-2.665 22.989
-2.522 22.308
-2.413 21.651
-2.334 21.017
-2.284 20.407
-2.261 19.819
-2.262 19.256
-2.287 18.716
-2.334 18.200
-2.404 17.710
-2.495 17.245
-2.607 16.807
-2.742 16.397
-2.899 16.018
-3.080 15.672
-3.285 15.363
-3.517 15.093
-3.777 14.868
-4.067 14.693
-4.388 14.575
-4.743 14.522
-5.134 14.543
-5.564 14.649
-6.032 14.852
-6.542 15.167
-7.093 15.608
-7.685 16.192
-8.316 16.935
-8.981 17.851
-9.675 18.954
-10.387 20.249
-11.105 21.736
-11.813 23.402
-12.489 25.220
-13.112 27.147
-13.653 29.124
-14.089 31.077
-14.392 32.922
-14.543 34.577
-14.527 35.964
-14.338 37.027
-13.979 37.731
-13.462 38.073
-12.810 38.070
-12.047 37.765
-11.204 37.209
-10.312 36.460
-9.398 35.574
-8.489 34.598
-7.606 33.574
-6.764 32.531
-5.976 31.491
-5.249 30.470
-4.587 29.475
-3.992 28.513
-3.462 27.584
-2.995 26.690
-2.586 25.829
-2.233 25.000
-1.929 24.202
-1.670 23.432
-1.451 22.689
-1.267 21.971
-1.115 21.278
-0.990 20.608
-0.889 19.960
-0.809 19.334
-0.747 18.727
-0.702 18.140
-0.670 17.572
-0.651 17.023
-0.642 16.491
-0.645 15.977
-0.656 15.479
-0.676 14.998
-0.705 14.534
-0.742 14.085
-0.787 13.651
-0.841 13.234
-0.904 12.831
-0.976 12.444
-1.059 12.073
-1.153 11.717
-1.259 11.378
-1.379 11.056
-1.513 10.751
-1.664 10.466
-1.834 10.202
-2.024 9.961
-2.238 9.746
-2.477 9.560
-2.745 9.408
-3.045 9.296
-3.381 9.232
-3.757 9.223
-4.176 9.283
-4.644 9.423
-5.164 9.661
-5.741 10.017
-6.377 10.515
-7.077 11.182
-7.842 12.049
-8.670 13.147
-9.557 14.510
-10.494 16.166
-11.469 18.136
-12.459 20.423
-13.435 23.006
-14.362 25.834
-15.196 28.817
-15.887 31.826
-16.389 34.704
-16.659 37.281
-16.664 39.402
-16.392 40.952
-15.845 41.871
-15.051 42.168
-14.048 41.909
-12.887 41.197
-11.624 40.153
-10.312 38.894
-8.997 37.521
-7.716 36.112
-6.499 34.720
-5.364 33.380
-4.324 32.110
-3.382 30.917
-2.538 29.801
-1.789 28.759
-1.129 27.784
-0.548 26.869
-0.040 26.010
0.406 25.199
0.798 24.434
1.144 23.708
1.452 23.021
1.730 22.370
1.985 21.753
2.222 21.169
2.448 20.619
2.666 20.102
2.883 19.619
3.101 19.171
3.326 18.761
3.559 18.389
3.805 18.059
4.067 17.775
4.347 17.540
4.648 17.360
4.972 17.240
5.322 17.187
5.698 17.208
6.104 17.313
6.539 17.511
7.004 17.811
7.498 18.224
8.020 18.760
8.567 19.427
9.133 20.234
9.712 21.183
10.295 22.272
10.871 23.495
11.427 24.834
11.947 26.265
12.414 27.752
12.811 29.251
13.119 30.711
13.323 32.076
13.411 33.294
13.374 34.318
13.210 35.112
12.922 35.654
12.519 35.941
12.016 35.980
11.429 35.795
10.780 35.416
10.090 34.878
9.377 34.216
8.662 33.465
7.960 32.652
7.283 31.802
6.644 30.935
6.048 30.063
5.501 29.199
5.005 28.349
4.561 27.517
4.169 26.707
3.827 25.919
3.533 25.156
3.284 24.417
3.077 23.703
2.910 23.013
2.778 22.347
2.681 21.705
2.615 21.086
2.578 20.492
2.568 19.922
2.583 19.377
2.624 18.857
2.688 18.364
2.776 17.897
2.887 17.459
3.022 17.051
3.180 16.676
3.364 16.336
3.573 16.035
3.809 15.777
4.074 15.566
4.368 15.409
4.695 15.312
5.056 15.283
5.452 15.333
5.885 15.471
6.355 15.709
6.865 16.062
7.412 16.543
7.997 17.166
8.615 17.946
9.261 18.894
9.929 20.017
10.607 21.318
11.282 22.789
11.937 24.413
12.551 26.157
13.104 27.977
13.570 29.811
13.927 31.590
14.153 33.240
14.232 34.686
14.154 35.867
13.917 36.740
13.527 37.283
12.998 37.499
12.351 37.411
11.611 37.057
10.806 36.487
9.962 35.750
9.106 34.894
8.258 33.961
7.438 32.986
6.659 31.993
5.931 31.002
5.262 30.027
4.653 29.074
4.107 28.150
3.622 27.255
3.195 26.390
2.824 25.556
2.505 24.751
2.232 23.974
2.002 23.224
1.811 22.500
1.654 21.800
1.529 21.123
1.431 20.470
1.357 19.838
1.306 19.227
1.275 18.637
1.262 18.068
1.266 17.518
1.286 16.988
1.321 16.478
1.370 15.987
1.434 15.515
1.512 15.063
1.604 14.632
1.712 14.221
1.836 13.832
1.978 13.466
2.138 13.124
2.319 12.809
2.522 12.523
2.749 12.270
3.002 12.053
3.285 11.877
3.600 11.750
3.951 11.678
4.339 11.672
4.770 11.743
5.245 11.903
5.769 12.171
6.343 12.563
6.970 13.101
7.650 13.809
8.382 14.711
9.162 15.831
9.984 17.189
10.835 18.800
11.700 20.668
12.557 22.779
13.378 25.098
14.131 27.565
14.779 30.091
15.285 32.564
15.613 34.861
15.734 36.859
15.632 38.452
15.303 39.570
14.755 40.186
14.014 40.320
13.114 40.025
12.096 39.380
11.002 38.473
9.873 37.390
8.746 36.204
7.650 34.974
6.607 33.740
5.632 32.533
4.736 31.369
3.923 30.256
3.193 29.197
2.543 28.191
1.970 27.236
1.467 26.328
1.027 25.464
0.644 24.639
0.310 23.850
0.019 23.094
-0.236 22.370
-0.462 21.675
-0.662 21.007
-0.844 20.366
-1.010 19.750
-1.166 19.158
-1.315 18.591
-1.460 18.048
-1.605 17.530
-1.753 17.035
-1.906 16.566
-2.067 16.122
-2.239 15.706
-2.423 15.318
-2.623 14.960
-2.841 14.636
-3.079 14.348
-3.341 14.100
-3.628 13.898
-3.945 13.748
-4.292 13.656
-4.674 13.632
-5.093 13.686
-5.552 13.830
-6.053 14.078
-6.598 14.446
-7.187 14.952
-7.819 15.613
-8.494 16.449
-9.205 17.476
-9.947 18.708
-10.707 20.152
-11.472 21.806
-12.222 23.653
-12.933 25.659
-13.579 27.772
-14.130 29.919
-14.557 32.013
-14.832 33.957
-14.934 35.658
-14.849 37.035
-14.575 38.032
-14.118 38.624
-13.498 38.820
-12.739 38.653
-11.875 38.180
-10.940 37.466
-9.966 36.575
-8.983 35.568
-8.019 34.495
-7.093 33.394
-6.220 32.293
-5.410 31.212
-4.670 30.162
-4.001 29.148
-3.403 28.174
-2.874 27.240
-2.409 26.343
-2.004 25.483
-1.653 24.657
-1.350 23.862
-1.091 23.097
-0.869 22.360
-0.680 21.648
-0.520 20.961
-0.383 20.297
-0.267 19.656
-0.168 19.035
-0.083 18.435
-0.009 17.854
0.055 17.292
0.113 16.748
0.164 16.221
0.212 15.712
0.257 15.219
0.301 14.741
0.344 14.280
0.388 13.833
0.433 13.401
0.480 12.984
0.531 12.581
0.586 12.191
0.646 11.815
0.712 11.453
0.784 11.104
0.865 10.769
0.954 10.448
1.054 10.140
1.165 9.848
1.290 9.570
1.430 9.310
1.586 9.066
1.762 8.843
1.959 8.641
2.180 8.465
2.429 8.318
2.709 8.204
3.022 8.131
3.374 8.107
3.769 8.141
4.211 8.246
4.704 8.437
5.255 8.735
5.868 9.160
6.545 9.741
7.292 10.508
8.108 11.496
8.993 12.742
9.940 14.283
10.941 16.149
11.977 18.361
13.023 20.917
14.044 23.786
14.999 26.896
15.837 30.132
16.502 33.337
16.944 36.324
17.118 38.906
16.996 40.921
16.572 42.267
15.860 42.914
14.898 42.906
13.737 42.344
12.436 41.361
11.056 40.095
9.652 38.668
8.269 37.180
6.943 35.701
5.700 34.276
4.554 32.929
3.514 31.671
2.579 30.503
1.748 29.421
1.014 28.418
0.368 27.485
-0.198 26.615
-0.695 25.802
-1.131 25.038
-1.516 24.321
-1.859 23.646
-2.168 23.011
-2.451 22.414
-2.714 21.854
-2.964 21.330
-3.205 20.844
-3.443 20.396
-3.682 19.988
-3.927 19.621
-4.180 19.298
-4.446 19.023
-4.727 18.799
-5.025 18.631
-5.343 18.524
-5.683 18.484
-6.047 18.518
-6.434 18.633
-6.846 18.836
-7.283 19.136
-7.743 19.540
-8.223 20.056
-8.722 20.687
-9.232 21.439
-9.749 22.311
-10.262 23.297
-10.764 24.388
-11.240 25.567
-11.679 26.810
-12.067 28.085
-12.389 29.355
-12.631 30.579
-12.782 31.714
-12.833 32.719
-12.779 33.560
-12.619 34.209
-12.356 34.652
-11.999 34.886
-11.558 34.916
-11.049 34.760
-10.488 34.441
-9.890 33.984
-9.274 33.417
-8.654 32.767
-8.043 32.056
-7.453 31.306
-6.893 30.532
-6.369 29.747
-5.887 28.962
-5.448 28.185
-5.055 27.419
-4.708 26.670
-4.405 25.939
-4.147 25.229
-3.930 24.541
-3.753 23.875
-3.614 23.233
-3.510 22.614
-3.440 22.021
-3.402 21.452
-3.394 20.910
-3.415 20.395
-3.464 19.909
-3.540 19.453
-3.642 19.029
-3.771 18.639
-3.927 18.286
-4.110 17.973
-4.320 17.704
-4.559 17.483
-4.826 17.316
-5.124 17.209
-5.453 17.168
-5.813 17.202
-6.206 17.319
-6.631 17.528
-7.088 17.841
-7.576 18.266
-8.093 18.815
-8.635 19.495
-9.198 20.314
-9.773 21.274
-10.352 22.375
-10.924 23.607
-11.475 24.953
-11.989 26.387
-12.448 27.874
-12.836 29.368
-13.135 30.819
-13.328 32.171
-13.405 33.371
-13.357 34.375
-13.183 35.147
-12.885 35.668
-12.475 35.933
-11.965 35.953
-11.374 35.752
-10.722 35.360
-10.031 34.813
-9.319 34.144
-8.606 33.389
-7.907 32.574
-7.234 31.724
-6.599 30.857
-6.008 29.988
-5.466 29.126
-4.976 28.278
-4.537 27.449
-4.150 26.641
-3.812 25.857
-3.522 25.097
-3.278 24.361
-3.075 23.649
-2.911 22.962
-2.783 22.298
-2.688 21.659
-2.625 21.043
-2.591 20.452
-2.584 19.885
-2.602 19.343
-2.645 18.826
-2.712 18.335
-2.803 17.872
-2.917 17.438
-3.054 17.034
-3.216 16.664
-3.402 16.329
-3.615 16.033
-3.855 15.781
-4.123 15.577
-4.422 15.428
-4.753 15.340
-5.118 15.322
-5.519 15.383
-5.956 15.535
-6.432 15.789
-6.946 16.158
-7.498 16.658
-8.086 17.302
-8.707 18.103
-9.356 19.074
-10.024 20.219
-10.700 21.542
-11.371 23.032
-12.020 24.670
-12.625 26.422
-13.165 28.241
-13.615 30.065
-13.953 31.824
-14.158 33.442
-14.215 34.849
-14.114 35.984
-13.856 36.809
-13.446 37.303
-12.901 37.475
-12.242 37.348
-11.494 36.963
-10.685 36.369
-9.841 35.616
-8.987 34.750
-8.145 33.812
-7.332 32.835
-6.562 31.845
-5.844 30.858
-5.185 29.887
-4.586 28.940
-4.050 28.020
-3.575 27.131
-3.157 26.272
-2.794 25.442
-2.482 24.642
-2.217 23.870
-1.993 23.124
-1.808 22.404
-1.656 21.708
-1.536 21.035
-1.442 20.385
-1.373 19.757
-1.326 19.150
-1.299 18.563
-1.290 17.997
-1.298 17.451
-1.321 16.925
-1.360 16.418
-1.413 15.931
-1.481 15.464
-1.564 15.017
-1.661 14.590
-1.775 14.184
-1.905 13.801
-2.053 13.442
-2.221 13.107
-2.409 12.801
-2.620 12.525
-2.857 12.283
-3.121 12.079
-3.415 11.919
-3.743 11.811
-4.107 11.761
-4.510 11.781
-4.957 11.883
-5.449 12.080
-5.990 12.391
-6.582 12.834
-7.227 13.431
-7.924 14.206
-8.672 15.183
-9.465 16.384
-10.295 17.829
-11.149 19.528
-12.009 21.478
-12.851 23.659
-13.646 26.026
-14.359 28.508
-14.954 31.010
-15.394 33.415
-15.646 35.598
-15.686 37.442
-15.500 38.856
-15.091 39.784
-14.473 40.218
-13.674 40.188
-12.732 39.761
-11.688 39.017
-10.585 38.045
-9.460 36.924
-8.348 35.724
-7.275 34.495
-6.261 33.274
-5.319 32.085
-4.458 30.942
-3.678 29.851
-2.981 28.814
-2.363 27.828
-1.819 26.891
-1.341 26.000
-0.925 25.150
-0.563 24.338
-0.247 23.561
0.029 22.816
0.271 22.101
0.484 21.415
0.675 20.756
0.848 20.122
1.008 19.513
1.158 18.928
1.302 18.368
1.444 17.830
1.586 17.317
1.731 16.828
1.882 16.363
2.041 15.924
2.211 15.512
2.395 15.128
2.594 14.774
2.812 14.452
3.050 14.167
3.311 13.923
3.599 13.723
3.916 13.575
4.265 13.485
4.648 13.463
5.069 13.519
5.530 13.666
6.034 13.917
6.582 14.289
7.175 14.799
7.813 15.467
8.493 16.311
9.211 17.349
9.960 18.595
10.729 20.057
11.502 21.732
12.261 23.603
12.981 25.638
13.635 27.782
14.193 29.961
14.625 32.086
14.903 34.058
15.004 35.780
14.916 37.171
14.634 38.174
14.168 38.764
13.535 38.951
12.764 38.770
11.886 38.280
10.936 37.547
9.948 36.638
8.953 35.615
7.978 34.527
7.042 33.414
6.160 32.303
5.344 31.214
4.598 30.158
3.924 29.140
3.323 28.163
2.790 27.226
2.323 26.328
1.915 25.467
1.562 24.640
1.257 23.845
0.995 23.080
0.771 22.343
0.579 21.632
0.416 20.946
0.276 20.283
0.155 19.642
0.051 19.022
-0.039 18.423
-0.119 17.844
-0.190 17.283
-0.256 16.741
-0.316 16.216
-0.374 15.709
-0.430 15.218
-0.486 14.744
-0.544 14.286
-0.603 13.843
-0.666 13.416
-0.733 13.004
-0.806 12.607
-0.886 12.225
-0.973 11.858
-1.070 11.507
-1.177 11.171
-1.296 10.852
-1.429 10.550
-1.577 10.266
-1.742 10.002
-1.927 9.760
-2.134 9.543
-2.366 9.353
-2.625 9.196
-2.916 9.076
-3.241 9.001
-3.605 8.979
-4.012 9.020
-4.466 9.137
-4.971 9.347
-5.533 9.669
-6.154 10.125
-6.839 10.743
-7.589 11.552
-8.405 12.585
-9.282 13.877
-10.215 15.458
-11.191 17.353
-12.191 19.573
-13.188 22.105
-14.147 24.909
-15.026 27.903
-15.777 30.969
-16.349 33.952
-16.697 36.680
-16.784 38.986
-16.590 40.736
-16.114 41.853
-15.375 42.324
-14.412 42.205
-13.274 41.592
-12.016 40.607
-10.693 39.375
-9.356 38.004
-8.045 36.580
-6.792 35.163
-5.620 33.795
-4.540 32.496
-3.560 31.276
-2.681 30.136
-1.898 29.073
-1.207 28.080
-0.600 27.152
-0.067 26.281
0.399 25.462
0.809 24.689
1.171 23.958
1.493 23.267
1.783 22.613
2.047 21.994
2.293 21.410
2.525 20.859
2.750 20.343
2.972 19.862
3.195 19.416
3.423 19.008
3.660 18.640
3.909 18.315
4.173 18.036
4.455 17.808
4.758 17.635
5.083 17.523
5.433 17.479
5.809 17.510
6.213 17.624
6.646 17.831
7.108 18.141
7.597 18.562
8.112 19.105
8.650 19.777
9.205 20.584
9.771 21.528
10.339 22.606
10.897 23.811
11.433 25.123
11.931 26.518
12.375 27.959
12.747 29.405
13.032 30.804
13.214 32.106
13.283 33.261
13.231 34.224
13.058 34.964
12.765 35.463
12.364 35.716
11.867 35.734
11.292 35.539
10.659 35.159
9.987 34.628
9.296 33.980
8.602 33.245
7.922 32.451
7.268 31.621
6.650 30.774
6.074 29.921
5.545 29.075
5.066 28.242
4.638 27.425
4.260 26.630
3.931 25.856
3.649 25.106
3.411 24.380
3.214 23.677
3.056 22.998
2.934 22.344
2.846 21.714
2.789 21.108
2.761 20.526
2.761 19.970
2.787 19.438
2.838 18.934
2.914 18.457
3.014 18.008
3.139 17.590
3.287 17.205
3.461 16.856
3.661 16.545
3.888 16.276
4.143 16.055
4.428 15.886
4.744 15.777
5.093 15.735
5.477 15.768
5.895 15.888
6.351 16.105
6.843 16.432
7.372 16.881
7.937 17.467
8.533 18.201
9.157 19.095
9.800 20.156
10.455 21.385
11.107 22.777
11.741 24.315
12.338 25.971
12.878 27.703
13.339 29.457
13.698 31.168
13.935 32.767
14.034 34.185
13.986 35.363
13.786 36.257
13.439 36.842
12.957 37.116
12.359 37.096
11.667 36.816
10.906 36.317
10.103 35.647
9.282 34.851
8.464 33.969
7.667 33.035
6.907 32.076
6.193 31.113
5.534 30.158
4.932 29.221
4.389 28.308
3.906 27.423
3.481 26.565
3.110 25.736
2.790 24.936
2.518 24.162
2.288 23.415
2.099 22.693
1.944 21.996
1.823 21.323
1.730 20.672
1.663 20.044
1.620 19.437
1.599 18.852
1.599 18.289
1.617 17.746
1.653 17.225
1.706 16.724
1.777 16.245
1.865 15.789
1.970 15.355
2.093 14.944
2.235 14.559
2.397 14.201
2.580 13.872
2.787 13.574
3.018 13.312
3.277 13.090
3.565 12.913
3.886 12.788
4.242 12.723
4.635 12.726
5.069 12.811
5.547 12.990
6.070 13.278
6.641 13.694
7.261 14.258
7.928 14.989
8.642 15.910
9.396 17.039
10.182 18.393
10.989 19.979
11.800 21.793
12.592 23.816
13.339 26.008
14.011 28.305
14.574 30.622
14.996 32.858
15.247 34.902
15.304 36.650
15.156 38.019
14.802 38.954
14.253 39.440
13.535 39.499
12.678 39.181
11.719 38.556
10.697 37.699
9.647 36.683
8.601 35.572
7.585 34.416
6.619 33.253
5.716 32.107
4.885 30.994
4.131 29.923
3.453 28.898
2.851 27.918
2.319 26.982
1.853 26.088
1.447 25.233
1.094 24.413
0.789 23.626
0.525 22.870
0.297 22.143
0.098 21.442
-0.075 20.767
-0.227 20.115
-0.363 19.487
-0.485 18.880
-0.598 18.295
-0.704 17.731
-0.805 17.187
-0.905 16.663
-1.005 16.158
-1.107 15.673
-1.214 15.207
-1.327 14.762
-1.448 14.336
-1.578 13.931
-1.721 13.548
-1.877 13.187
-2.048 12.850
-2.238 12.540
-2.448 12.258
-2.681 12.008
-2.940 11.795
-3.226 11.623
-3.545 11.498
-3.898 11.429
-4.290 11.425
-4.723 11.497
-5.202 11.660
-5.729 11.929
-6.308 12.324
-6.940 12.866
-7.626 13.580
-8.365 14.489
-9.154 15.619
-9.985 16.992
-10.848 18.624
-11.725 20.518
-12.596 22.662
-13.431 25.022
-14.198 27.534
-14.859 30.109
-15.375 32.632
-15.710 34.975
-15.835 37.011
-15.731 38.632
-15.393 39.765
-14.834 40.384
-14.077 40.508
-13.159 40.195
-12.120 39.527
-11.006 38.595
-9.858 37.487
-8.713 36.278
-7.600 35.029
-6.542 33.780
-5.555 32.561
-4.649 31.388
-3.826 30.268
-3.089 29.205
-2.433 28.197
-1.855 27.242
-1.347 26.334
-0.903 25.471
-0.516 24.647
-0.178 23.861
0.117 23.109
0.377 22.388
0.606 21.697
0.812 21.034
0.999 20.398
1.172 19.788
1.334 19.204
1.491 18.644
1.645 18.110
1.800 17.601
1.959 17.118
2.124 16.661
2.298 16.232
2.485 15.832
2.685 15.464
2.903 15.129
3.141 14.831
3.400 14.574
3.685 14.362
3.998 14.202
4.340 14.101
4.717 14.067
5.129 14.110
5.579 14.241
6.070 14.475
6.602 14.825
7.177 15.309
7.794 15.943
8.451 16.746
9.143 17.732
9.864 18.915
10.603 20.301
11.345 21.887
12.073 23.658
12.765 25.581
13.394 27.610
13.935 29.675
14.357 31.695
14.636 33.581
14.751 35.244
14.687 36.605
14.442 37.610
14.021 38.232
13.441 38.474
12.725 38.365
11.903 37.954
11.008 37.300
10.071 36.466
9.121 35.509
8.184 34.477
7.280 33.410
6.425 32.335
5.630 31.274
4.900 30.238
4.239 29.235
3.647 28.268
3.122 27.338
2.661 26.444
2.258 25.585
1.909 24.759
1.609 23.964
1.353 23.198
1.136 22.459
0.952 21.746
0.798 21.057
0.669 20.390
0.562 19.746
0.474 19.123
0.401 18.520
0.343 17.936
0.295 17.371
0.258 16.824
0.228 16.294
0.206 15.781
0.189 15.284
0.178 14.803
0.171 14.337
0.167 13.886
0.167 13.449
0.170 13.026
0.176 12.616
0.185 12.219
0.196 11.835
0.210 11.463
0.227 11.103
0.246 10.754
0.268 10.417
0.294 10.090
0.323 9.775
0.356 9.469
0.394 9.174
0.436 8.889
0.484 8.614
0.538 8.348
0.598 8.092
0.667 7.847
0.744 7.611
0.832 7.385
0.930 7.170
1.042 6.967
1.167 6.775
1.310 6.598
1.470 6.435
1.652 6.289
1.858 6.162
2.090 6.060
2.353 5.984
2.650 5.943
2.986 5.943
3.366 5.994
3.794 6.107
4.276 6.299
4.819 6.587
5.427 6.996
6.106 7.554
6.862 8.296
7.698 9.259
8.614 10.489
9.608 12.031
10.673 13.930
11.793 16.221
12.945 18.922
14.093 22.016
15.193 25.443
16.186 29.089
17.009 32.778
17.597 36.292
17.891 39.391
17.851 41.863
17.460 43.556
16.729 44.415
15.698 44.483
14.426 43.882
12.984 42.778
11.445 41.346
9.875 39.741
8.330 38.085
6.851 36.462
5.467 34.923
4.195 33.495
3.043 32.186
2.013 30.992
1.099 29.905
0.293 28.914
-0.414 28.009
-1.033 27.177
-1.576 26.412
-2.052 25.704
-2.474 25.050
-2.850 24.443
-3.189 23.882
-3.500 23.365
-3.789 22.890
-4.064 22.458
-4.330 22.069
-4.592 21.724
-4.854 21.425
-5.120 21.175
-5.394 20.976
-5.677 20.832
-5.973 20.746
-6.283 20.723
-6.607 20.767
-6.947 20.882
-7.302 21.073
-7.672 21.344
-8.054 21.698
-8.447 22.138
-8.846 22.663
-9.247 23.274
-9.645 23.965
-10.033 24.731
-10.404 25.558
-10.749 26.434
-11.059 27.340
-11.325 28.253
-11.539 29.149
-11.694 30.002
-11.781 30.787
-11.798 31.480
-11.741 32.060
-11.611 32.513
-11.412 32.829
-11.147 33.005
-10.825 33.044
-10.455 32.953
-10.047 32.745
-9.612 32.434
-9.160 32.036
-8.702 31.566
-8.247 31.041
-7.803 30.473
-7.378 29.876
-6.977 29.260
-6.604 28.633
-6.263 28.004
-5.955 27.377
-5.683 26.759
-5.446 26.152
-5.244 25.559
-5.078 24.984
-4.946 24.428
-4.848 23.894
-4.782 23.384
-4.747 22.899
-4.743 22.442
-4.769 22.014
-4.824 21.618
-4.907 21.257
-5.018 20.932
-5.156 20.647
-5.321 20.406
-5.514 20.213
-5.733 20.071
-5.978 19.985
-6.250 19.960
-6.547 20.003
-6.870 20.117
-7.216 20.310
-7.585 20.585
-7.973 20.949
-8.379 21.406
-8.797 21.956
-9.224 22.602
-9.652 23.341
-10.074 24.165
-10.483 25.066
-10.868 26.028
-11.220 27.032
-11.527 28.053
-11.779 29.065
-11.968 30.036
-12.084 30.937
-12.121 31.739
-12.077 32.417
-11.950 32.952
-11.742 33.331
-11.461 33.551
-11.113 33.613
-10.709 33.528
-10.262 33.309
-9.782 32.974
-9.283 32.541
-8.777 32.029
-8.273 31.456
-7.783 30.839
-7.312 30.191
-6.869 29.524
-6.457 28.848
-6.080 28.170
-5.739 27.497
-5.437 26.834
-5.174 26.183
-4.949 25.549
-4.761 24.933
-4.610 24.337
-4.495 23.763
-4.413 23.213
-4.363 22.687
-4.346 22.189
-4.359 21.719
-4.401 21.280
-4.472 20.873
-4.571 20.501
-4.698 20.167
-4.853 19.874
-5.035 19.625
-5.245 19.425
-5.483 19.278
-5.748 19.190
-6.041 19.166
-6.362 19.213
-6.710 19.336
-7.084 19.543
-7.483 19.840
-7.905 20.234
-8.347 20.730
-8.805 21.332
-9.273 22.042
-9.745 22.858
-10.213 23.774
-10.667 24.780
-11.096 25.859
-11.489 26.989
-11.834 28.142
-12.117 29.285
-12.328 30.382
-12.456 31.397
-12.494 32.295
-12.439 33.048
-12.289 33.632
-12.048 34.035
-11.723 34.253
-11.324 34.291
-10.863 34.162
-10.354 33.885
-9.812 33.481
-9.252 32.974
-8.687 32.387
-8.128 31.739
-7.587 31.050
-7.071 30.334
-6.587 29.604
-6.140 28.870
-5.733 28.138
-5.367 27.416
-5.043 26.706
-4.762 26.013
-4.521 25.338
-4.321 24.683
-4.158 24.050
-4.033 23.440
-3.942 22.854
-3.885 22.292
-3.859 21.757
-3.864 21.250
-3.898 20.772
-3.961 20.324
-4.052 19.909
-4.170 19.530
-4.316 19.188
-4.490 18.888
-4.691 18.632
-4.920 18.427
-5.178 18.275
-5.465 18.184
-5.781 18.160
-6.128 18.210
-6.504 18.341
-6.909 18.563
-7.343 18.882
-7.804 19.308
-8.289 19.849
-8.793 20.510
-9.312 21.294
-9.838 22.202
-10.362 23.230
-10.874 24.365
-11.360 25.591
-11.808 26.882
-12.202 28.205
-12.527 29.519
-12.769 30.782
-12.916 31.948
-12.958 32.975
-12.891 33.826
-12.714 34.476
-12.430 34.908
-12.050 35.122
-11.585 35.126
-11.051 34.938
-10.465 34.585
-9.844 34.094
-9.207 33.495
-8.567 32.813
-7.940 32.075
-7.336 31.299
-6.764 30.503
-6.231 29.700
-5.741 28.899
-5.297 28.107
-4.900 27.329
-4.549 26.569
-4.245 25.829
-3.985 25.110
-3.768 24.413
-3.590 23.739
-3.450 23.089
-3.346 22.464
-3.275 21.862
-3.236 21.286
-3.226 20.736
-3.245 20.212
-3.291 19.717
-3.364 19.250
-3.463 18.815
-3.589 18.412
-3.740 18.046
-3.918 17.717
-4.123 17.431
-4.356 17.192
-4.618 17.004
-4.910 16.873
-5.232 16.806
-5.587 16.812
-5.975 16.898
-6.397 17.074
-6.851 17.351
-7.339 17.740
-7.858 18.251
-8.406 18.896
-8.977 19.682
-9.566 20.616
-10.164 21.697
-10.761 22.922
-11.342 24.276
-11.893 25.737
-12.395 27.271
-12.831 28.833
-13.180 30.372
-13.426 31.830
-13.554 33.149
-13.553 34.278
-13.420 35.173
-13.156 35.808
-12.769 36.173
